BOUNDARY
orthorhombic     1.04551590000000001e+01  1.04551590000000001e+01  1.04551590000000001e+01

ATOMS
nAtom  80
         0    0
  1.04451901888827017e+01  5.85985048530818187e+00  5.79951371724495512e+00
 -2.07402214992209366e+00  2.19578262063992691e+00  5.46932673208439080e-01
         1    0
  6.61123434668699694e+00  4.98040851687941633e+00  6.68159148585015017e-01
  5.38783582173317011e-01  1.49949795518571882e+00  5.78733264668998437e-01
         2    0
  8.75957522671475353e+00  3.61884137761751656e-01  4.85743747669194548e+00
 -6.10701216932287183e-01 -6.61777424861280106e-01  1.05168823123383537e+00
         3    0
  9.25908450660376126e+00  7.39373092795094866e+00  3.35312313450380206e-01
  4.82179321222840185e-01  1.16232951795512651e+00 -1.37695046989507253e+00
         4    0
  5.86135368233356058e+00  2.25132041029478325e+00  6.76449971763395563e+00
 -5.50251115755390874e-01 -4.91465375378535352e-01 -1.38397471769416502e+00
         5    0
  8.51322139041648285e+00  6.84051658322499456e+00  3.04361869854936806e+00
  1.51888773730440019e-01 -3.04633432522196601e-01  2.51034539029338521e+00
         6    0
  4.55289376659919309e+00  6.92208336946850977e+00  2.93787393529223850e+00
  1.15646377889026475e+00 -9.42222868664743286e-03  1.42459881823850587e+00
         7    0
  7.97944180727793917e+00  5.72805599137734234e+00  1.83162435032275628e+00
 -1.10004885835880681e-01  2.87881452800633153e-01  1.91775083502603350e+00
         8    0
  5.10654198031509488e+00  7.98002525645899352e-01  5.57281233338180382e+00
 -6.88053750975575529e-01  5.10757792578116820e-01 -8.54312546651563975e-01
         9    0
  7.16406636975717070e+00  8.23915246879900387e+00  1.60425379487074404e+00
  4.43155976646132710e-01  3.95493786164446082e-01 -1.23493282869914345e+00
        10    0
  8.39351807005033379e+00  8.89450809444612855e-01  5.60475381838264397e+00
 -5.61769950374961358e-01 -1.87533500795456748e-01 -2.83254840206458025e-03
        11    0
  9.78777556488481193e-01  8.29990662349552366e+00  2.17457156699725429e+00
  4.17333294944962574e-01  5.07690908820458420e-01  3.31766057582992047e-01
        12    0
  7.55942950594026897e+00  1.41106084361304207e+00  3.12516728231801544e+00
  1.16463705499135917e+00 -1.26063572808032931e+00  1.36510235771368360e+00
        13    0
  8.00869553804592016e+00  6.27556263219633603e+00  5.39595820645010438e+00
 -8.78374448624430593e-01  1.12522618017700388e-01 -2.03214482851502842e-01
        14    0
  9.57878102900471262e+00  4.81940736641947964e+00  6.23344384250566996e+00
  1.49664925212636213e+00  1.00764188227793827e+00  4.83922120627316987e-01
        15    0
  6.12437957712938186e+00  4.85393665658976925e+00  6.32604369704087421e+00
 -8.70891524781010840e-01 -5.81748238764596581e-01 -3.80661131769506915e-03
        16    0
  9.78630466024426404e+00  3.64880034304407141e+00  6.96899894534088471e+00
 -1.01468819190734671e+00  1.01959205816803444e+00  4.77250997875619198e-01
        17    0
  8.00894708645186704e+00  6.16331589036727490e+00  6.90537636709502500e+00
 -2.39208193239889733e+00  1.16651542119749485e+00 -5.90961611795867814e-01
        18    0
  9.69196307244017508e-01  6.89078096476194801e+00  9.93256278041076790e+00
  1.62428214700951901e+00 -4.27790903266131950e-01  1.20798169355314822e+00
        19    0
  1.04349899895161311e+01  5.23933767550856722e+00  2.95403456147161059e+00
  1.17410861642604769e+00  2.01419387517879889e+00  2.27151918620464577e-01
        20    0
  2.36479245545194061e+00  9.59052409829140728e+00  1.00758698746029598e+01
  3.46595277634226318e-01 -1.07740625886063124e+00 -4.42874843199355162e-01
        21    0
  2.55894055923796460e+00  1.62605777032777521e+00  3.58100113654803787e+00
 -3.37022081038086729e-01 -1.00276244200223030e+00  3.89628612329142199e-01
        22    0
  5.47396862404875240e+00  1.83081951075696026e+00  1.55482076012004755e-01
  8.32935701971020404e-02  1.02448695682707691e+00  1.58909933272828918e+00
        23    0
  5.20583413860648836e+00  2.01520663219650276e+00  4.45984923159926883e+00
  2.13166036889827687e-01  1.62374568283795240e+00  4.55229646875712213e-01
        24    0
  4.22698193338695560e+00  9.79925330376536330e+00  1.89998463083355301e-01
  5.43916964047119311e-01 -4.15937295081628466e-01  4.58773065536190683e-01
        25    0
  1.00951536968969027e+01  6.18844841558206227e+00  9.25483325860849071e+00
 -1.24799404789893376e+00  1.87730297622957010e+00  9.08630309855692819e-01
        26    0
  5.89538948479091918e+00  9.49065998735993510e+00  5.77633965876229016e+00
 -1.28238909525934175e+00  3.25919063423309008e-01 -1.13867440548392795e+00
        27    0
  3.34315990375726546e+00  1.03057652573918350e+01  6.99798262011488248e+00
  8.04753550047662358e-01  1.07945687972058013e+00  6.21692825132597673e-02
        28    0
  1.01836215292273380e+01  9.37611066004457427e+00  8.65097113508315374e+00
  1.88513016727907545e+00 -6.26633941636604908e-01 -1.22530117188029486e+00
        29    0
  8.39654066687374012e+00  4.00915450236166304e+00  7.06470804338224934e+00
 -3.77290494461503326e-02  7.37302744622351680e-01 -9.05376493348553635e-01
        30    0
  4.26271473530656397e+00  1.92290181769454671e+00  5.24595265394477295e+00
 -4.72749646831618853e-01 -1.16373620810534123e-01 -9.65061688079970170e-01
        31    0
  4.40136733021994964e+00  1.14313789920741327e+00  4.03770833713173261e+00
 -5.27880895954539020e-01  1.81991556356016737e+00 -6.72286057064544806e-01
        32    0
  4.56369185482785689e+00  4.26660441354902709e+00  6.63813283242333174e+00
 -3.30683267332864850e-01 -4.30448746988183473e-01 -2.23004426691420221e+00
        33    0
  7.00028773958708328e+00  6.00188256668683362e+00  2.34429583967691713e+00
  5.42919285494204318e-01  7.14358704353244001e-01 -1.59845806738692975e+00
        34    0
  2.82031008178973919e-01  5.07793008504989452e+00  7.73972727752440015e+00
 -1.30263828848089569e-01 -1.15332901163532986e+00  7.31644783764203055e-01
        35    0
  1.16504220117416568e+00  2.52664924691263204e+00  2.18039110124584079e+00
  5.13949751276889466e-01  2.21394185848890312e-01 -7.28808914263092467e-01
        36    0
  9.15385516455997816e+00  1.50358839003207589e+00  9.56215510281879411e+00
 -1.05474928932549750e+00  1.29016708716600120e-01 -2.62270892861384164e-01
        37    0
  1.81065176657196836e+00  4.10093684147793736e-01  6.49396306125133460e+00
 -1.20731759602085398e+00 -6.86025378725770518e-01  6.47768781321814480e-01
        38    0
  3.10966845023498362e+00  2.12559584621758457e+00  9.59625917184314403e+00
 -9.04766951946377906e-01 -8.16117522351865299e-01 -3.27618211310714946e-01
        39    0
  7.62772109925236297e+00  1.67903577633489154e+00  9.93217479177580076e-01
  1.05682370795099054e-01 -1.38789922283602096e-01 -6.49388400788160070e-02
        40    1
  2.45895536450014784e+00  2.52951043590635960e+00  8.45518313408428090e-01
  6.09235105864379678e-01 -1.56117752576086932e+00  2.68958048128925098e-01
        41    1
  5.34117590574135903e+00  9.02307001699436562e+00  2.66922656782123946e+00
  1.05030693763382610e+00 -8.71053450664341922e-01  8.33186020694334090e-03
        42    1
  1.00157565375536723e+01  2.85437966948087762e-03  5.70758014010931181e+00
  1.78808791348512663e+00  1.14759081047516265e+00  2.21323635674315122e+00
        43    1
  7.87013685893066839e+00  7.49514025439868625e+00  1.83818734121954175e+00
 -6.17234443618045470e-01 -6.08902847570250261e-01  3.60026406713021663e-01
        44    1
  1.01509247196718437e+01  6.60157148024734397e+00  1.91193089188583731e+00
 -4.05809950787803297e-01  1.22603242725194561e+00  5.42812233904250485e-01
        45    1
  7.23289399180313630e+00  8.18989176012243725e+00  3.13035978659677083e-01
  1.44491778725286513e+00  1.28472752655692957e+00  4.92036195680494115e-01
        46    1
  2.43587326154414141e+00  4.84840039196204753e+00  9.41546836680816179e-01
 -3.54911677297011063e-01  1.96560794604847960e-02 -1.86197655111468352e+00
        47    1
  6.79402981196445754e+00  6.35467567815831647e+00  5.98512708374480518e+00
 -3.84929645448770397e-01 -9.17741415377968939e-01 -1.68645536035196186e+00
        48    1
  9.86082809938272753e+00  6.83234046473998990e-01  9.89168969278061305e-01
 -1.01467843486070919e+00  3.09508049486512726e-01 -1.17160787617904538e+00
        49    1
  9.32916187487433171e-03  7.19515247027037663e+00  5.15094490114726966e+00
 -1.17171577469501664e+00 -1.67949501293152975e-01  1.40919329238718583e-01
        50    1
  9.73754446816155750e-01  1.04173215971118593e+00  9.95986194486625998e+00
  6.90574836688012228e-01 -7.64264717568578833e-01  4.65752620010769988e-02
        51    1
  3.65291131833762206e+00  5.79222070549949919e+00  1.00637850756450362e+01
  4.36427533110595234e-01 -2.64659382008961663e-01  9.28860141730007527e-01
        52    1
  8.18355340185017788e+00  8.39662042272927778e+00  5.24594631956115887e+00
 -2.01242665927468067e+00 -1.06706955477938470e+00  1.41797792998851258e-01
        53    1
  9.39596273616569988e+00  3.28200380228567878e+00  8.60094027484047174e+00
  3.43932846288963368e-01 -3.62098342503496762e-01 -1.97605715886592170e+00
        54    1
  1.01140615825285387e+01  8.76392351735717590e+00  7.48580610335391317e+00
  4.81926576242929283e-01 -1.02977173972440594e+00 -4.04075172900396573e-01
        55    1
  1.03699473724845586e+01  2.58718284951172883e+00  4.69127096144074152e+00
  1.00950720897930252e-01 -1.29859277984361055e+00 -6.14451576984763381e-01
        56    1
  5.71622489648196641e+00  1.10744639879455065e+00  2.62534261130361468e+00
  1.15898551799841476e+00 -2.31743765904131427e-01  5.73201607826212545e-01
        57    1
  5.15720674811037050e+00  8.30276325392712522e+00  8.91257588115663957e+00
 -1.18424968236406647e+00  6.19621588623733177e-01 -1.89511928457980572e+00
        58    1
  4.09883939545463871e+00  4.61671570444013302e-01  8.76020709693093025e+00
  2.23815796133491052e+00  3.26789686377634503e-01 -9.68228496071435130e-01
        59    1
  6.65832126380201927e+00  8.62577846879810428e-01  2.32125664576615698e+00
 -8.18908722312942761e-01 -2.21047837938674718e-01 -7.73860989998766846e-01
        60    1
  4.17586012375087634e+00  6.34872043755530502e+00  9.10495953439612293e+00
 -8.11087867780471483e-01 -9.77966107669526852e-01  1.79039629393923971e+00
        61    1
  1.90315694803357460e+00  9.44459737759500051e+00  9.14012484741262288e-01
 -9.10120739193258088e-01 -7.79422081679845169e-01  1.74720112068021766e-01
        62    1
  9.80429578703374283e+00  4.05527536534555644e+00  4.89958215191073965e+00
 -6.38925279499468313e-01 -1.67197641572701938e+00  8.60143298464767447e-01
        63    1
  1.44971077348305410e+00  2.30701669969317319e-01  6.22377741583988953e-01
  9.12978141167776203e-01 -1.61516787301036180e+00  1.16016188105090223e+00
        64    1
  2.52868227843993321e+00  6.86941644586101963e-01  1.55278537625918411e+00
  1.95826188390681222e+00  1.26789272843452383e+00 -1.23527724432116637e+00
        65    1
  5.43977310885591692e+00  6.45756327900892124e+00  6.04268976271527514e+00
 -5.84240375656055466e-01 -1.59175373975433287e+00  6.26107873479812338e-01
        66    1
  7.09700735294130780e+00  1.42111554377679927e+00  9.63478282442209100e+00
  5.25445387433537636e-01  1.79473845312341163e+00 -1.37025083141738935e+00
        67    1
  6.29733327237370144e+00  2.42571878576940980e+00  3.66825541427718882e+00
  1.25275259930799399e+00 -1.04538166507957020e+00 -1.87450593670487164e-01
        68    1
  3.15701649818059771e+00  1.03893813399585238e+01  1.02560651947444441e+01
 -2.09788851237924873e-01 -1.29292370797573830e+00  8.48871389393681564e-01
        69    1
  1.03068859912132034e+01  6.62622012248116010e-01  3.10772214531428448e+00
  5.07437754860853518e-01  6.10772343025252629e-01  3.29889529038159268e-02
        70    1
  2.83698158795988586e+00  6.80554149492780880e+00  1.63340036789920751e+00
 -2.01118705283920152e+00 -1.23053600473458458e+00  1.64547478773202771e+00
        71    1
  1.82381336244336723e+00  3.55691197893574307e+00  8.88572448813572890e+00
 -7.85195351152646714e-01  7.30777536645312864e-01  1.01950872585175856e+00
        72    1
  7.95418715719920399e+00  1.57308535847505898e-01  4.16313397641940419e+00
  2.60160087654753014e-01 -1.15629773342297826e+00 -6.18327989681142220e-01
        73    1
  2.29282238460712628e+00  7.67365205932888994e+00  2.03647919940905409e+00
 -1.18690225771732538e+00  4.18197047978884351e-01 -2.24255117452696284e+00
        74    1
  2.65142819375257099e+00  8.69226150229310690e+00  3.55345243850693160e-01
  1.04059472403970088e+00 -8.87944064614132555e-01  2.00905709359382190e+00
        75    1
  3.78466903525214793e+00  3.14939965088419660e+00  5.45350763907997527e-01
 -4.01960722580869123e-02 -2.25653266365269611e-01  4.96147638056264995e-01
        76    1
  1.00455928360186988e+01  8.22567522820601660e+00  4.05354461176639891e+00
 -3.56500801835132608e-01  3.20093315691981906e-01  8.44074597373498214e-01
        77    1
  2.80620611495081684e+00  1.00602061636749003e+01  5.04089237544757207e+00
  4.95101891555219942e-01  3.16700774693983667e-01  2.80436744602776955e-01
        78    1
  2.06163650053081682e-02  3.67684344008591424e+00  9.85918984429786960e+00
  9.15516289132686789e-01 -6.53658888189013743e-01 -7.32311874492085124e-01
        79    1
  1.05372772574107065e+00  1.01962194839572575e+01  5.72864527594407402e+00
  8.82753289559119692e-01  1.05768765894189265e+00 -9.20310952913864888e-01

BONDS
nBond  0

