BOUNDARY

orthorhombic     1.04551590000000001e+01  1.04551590000000001e+01  1.04551590000000001e+01

MOLECULES

species    0
nMolecule  40

molecule   0
  2.07584001950000019e+00  3.68031930930000017e+00  5.22625606210000004e+00

molecule   1
  6.05366440850000043e+00  3.48142984070000017e+00  8.45575353050000006e-02

molecule   2
  9.66836687710000042e+00  1.12523453120000005e+00  3.76363356040000019e+00

molecule   3
  9.13231159320000074e+00  6.41334890979999983e+00  6.86322222459999964e-01

molecule   4
  6.41209979459999957e+00  2.73841149340000012e+00  8.16295857999999974e+00

molecule   5
  8.59258553449999951e+00  6.01088832150000041e+00  2.59294599580000007e+00

molecule   6
  3.37218780049999989e+00  6.94649656120000003e+00  1.49737480139999990e+00

molecule   7
  8.09688630800000020e+00  5.44211212450000037e+00  1.03566970319999996e+01

molecule   8
  5.80145639279999958e+00  2.62502707389999979e-01  6.43371050789999988e+00

molecule   9
  6.27368786909999976e+00  8.28700577120000048e+00  2.71403417699999983e+00

molecule   10
  8.62707768940000008e+00  1.53503520679999994e+00  6.30886723360000001e+00

molecule   11
  5.77936312840000022e-01  7.80377371760000038e+00  1.84998457170000008e+00

molecule   12
  6.92215283799999970e+00  3.42454259880000000e+00  2.23482114729999992e+00

molecule   13
  8.88225761960000071e+00  6.19629705190000024e+00  5.58658457689999999e+00

molecule   14
  8.09325228049999978e+00  3.80862798990000018e+00  5.71727225189999988e+00

molecule   15
  6.98303451089999960e+00  5.46792675140000028e+00  6.32867746019999977e+00

molecule   16
  3.69391836709999977e-01  2.60270620160000021e+00  6.49334594970000012e+00

molecule   17
  1.03888355380000004e+01  5.02364312649999967e+00  7.50427211640000014e+00

molecule   18
  9.82417154150000016e+00  7.33696763409999964e+00  8.73975211069999958e+00

molecule   19
  9.27836852959999980e+00  3.22973131249999978e+00  2.72300975430000003e+00

molecule   20
  1.87102644089999992e+00  9.45836924079999974e-01  1.02335035990000005e+01

molecule   21
  2.88587611589999993e+00  2.61833905039999992e+00  3.16687920019999991e+00

molecule   22
  5.38359959549999978e+00  7.91154401719999956e-01  9.03458675349999929e+00

molecule   23
  5.07442422310000030e+00  5.04509144499999951e-01  3.95725975919999984e+00

molecule   24
  3.65249656210000007e+00  1.02159308259999992e+01  1.01905829180000005e+01

molecule   25
  8.99133936829999980e-01  4.29865684710000018e+00  8.37198966839999947e+00

molecule   26
  7.18655245340000004e+00  9.14079227420000073e+00  6.91430636760000006e+00

molecule   27
  2.52774739530000003e+00  9.20804274340000006e+00  6.94824603949999986e+00

molecule   28
  8.30850915499999942e+00  1.00012707780000003e+01  9.87051458780000068e+00

molecule   29
  8.43058082499999983e+00  3.25872406239999979e+00  7.99300739430000018e+00

molecule   30
  4.71267523519999987e+00  2.05344265479999999e+00  6.21407177499999985e+00

molecule   31
  4.85707790579999976e+00  9.64369444899999984e+00  4.66496567819999974e+00

molecule   32
  4.87505661169999982e+00  4.71736952080000016e+00  8.88244801079999924e+00

molecule   33
  6.43979095069999996e+00  5.29657246900000001e+00  3.94656725360000005e+00

molecule   34
  4.39868771770000000e-01  6.24069182850000015e+00  7.01019647379999977e+00

molecule   35
  6.54458227520000047e-01  2.28819841299999993e+00  2.88541193949999997e+00

molecule   36
  9.81925358490000022e+00  1.21006360239999999e+00  9.90809261829999954e+00

molecule   37
  2.99031221579999995e+00  1.07822991099999999e+00  5.83666115100000038e+00

molecule   38
  3.95582303089999998e+00  2.73805822130000021e+00  9.67843483290000073e+00

molecule   39
  7.52336129820000021e+00  1.79439074339999993e+00  1.05808398239999990e+00

species    1
nMolecule  40

molecule   0
  1.84351036910000010e+00  4.09028783199999957e+00  5.82899579759999953e-01

molecule   1
  4.30215642429999967e+00  9.89181058630000010e+00  2.67566383140000008e+00

molecule   2
  8.30275598360000089e+00  9.48285407860000085e+00  3.47305224160000003e+00

molecule   3
  8.37398406850000043e+00  8.64742461119999994e+00  5.74343947869999982e-01

molecule   4
  7.14696555099999936e-02  5.37150699249999963e+00  1.36562898490000006e+00

molecule   5
  6.52373180609999981e+00  6.28924476390000020e+00  4.56567043740000011e-01

molecule   6
  2.78817728380000007e+00  4.82779922080000023e+00  2.81751192830000008e+00

molecule   7
  7.21031352670000025e+00  7.24065121230000042e+00  7.66897931489999962e+00

molecule   8
  4.68409745789999998e-01  4.39462295479999987e-01  2.07095971949999980e+00

molecule   9
  1.17824067690000001e+00  7.32822237630000028e+00  5.02980653270000033e+00

molecule   10
  3.16586480850000018e-01  2.44678824889999991e+00  9.15199249199999976e+00

molecule   11
  3.21527235059999983e+00  6.04259135449999985e+00  9.12818207589999986e+00

molecule   12
  1.02056648019999994e+01  9.03239920340000069e+00  5.37065660810000001e+00

molecule   13
  8.84608355910000022e+00  3.50136571889999981e+00  1.04279088449999993e+01

molecule   14
  9.62020171480000030e+00  9.79220255679999951e+00  7.91417897849999985e+00

molecule   15
  1.02619548159999994e+01  3.89039781829999987e+00  5.32584181759999975e+00

molecule   16
  4.24452457940000016e+00  1.43072683590000005e+00  2.16465560090000020e+00

molecule   17
  5.68477561989999991e+00  8.30825514330000026e+00  1.01559035970000000e+01

molecule   18
  2.15184036309999982e+00  1.75803984919999989e-01  8.19641291099999947e+00

molecule   19
  7.26115976979999989e+00  2.52120649570000022e-01  2.53030967450000022e+00

molecule   20
  4.99600106170000036e+00  7.31723323050000030e+00  7.29281873870000030e+00

molecule   21
  2.81441709710000021e+00  1.02189405230000006e+01  7.28084960590000052e-01

molecule   22
  1.04274901920000005e+01  5.73675826549999979e+00  4.06212092649999956e+00

molecule   23
  8.91544660909999953e-01  1.37524854959999998e+00  1.13237593780000007e-01

molecule   24
  5.88528711819999995e-01  9.88594222340000073e+00  2.81503173880000013e+00

molecule   25
  6.02471100759999967e+00  8.03859576620000027e+00  5.40993523199999959e+00

molecule   26
  6.57039774560000023e+00  1.01017170860000007e+01  5.43437199939999949e-01

molecule   27
  5.04407637150000010e+00  3.46884378850000008e+00  3.88013976849999986e+00

molecule   28
  3.10780323849999984e+00  1.18361746010000002e+00  4.48839121880000025e-01

molecule   29
  1.00785201969999996e+01  1.02163911130000002e+01  2.55800921840000006e+00

molecule   30
  4.82056201720000033e+00  7.99062653509999965e+00  1.14772759080000002e-02

molecule   31
  2.61200621120000021e+00  2.83079819270000010e+00  7.84268950139999976e+00

molecule   32
  7.24774304780000023e+00  1.25157159960000008e+00  4.50279085010000024e+00

molecule   33
  3.46850018180000008e+00  7.26725215919999989e+00  4.30074382250000031e+00

molecule   34
  1.76182082500000003e+00  8.84959995710000058e+00  9.09845042949999971e+00

molecule   35
  3.88898092970000020e+00  3.57233483090000004e+00  3.05951393680000017e-01

molecule   36
  1.03923694439999998e+01  7.88980277100000027e+00  3.19313466410000002e+00

molecule   37
  2.33545679430000019e+00  9.76735310679999991e+00  4.78068591690000044e+00

molecule   38
  9.72770474290000031e+00  4.49878316020000035e+00  2.49583617320000006e-01

molecule   39
  1.89375796280000008e-01  9.15546669279999925e+00  6.66470727939999996e+00
