  2.5811125e+00
  2.5921624e+00
  2.7778778e+00
  2.7424652e+00
  2.6638469e+00
  2.6094878e+00
  2.5575513e+00
  2.5783221e+00
  2.5505800e+00
  2.7339146e+00
  2.6538446e+00
  2.6248671e+00
  2.6489703e+00
  2.6522164e+00
  2.6403024e+00
  2.6301170e+00
  2.6085677e+00
  2.5611654e+00
  2.6717180e+00
  2.6106373e+00
  2.7345196e+00
  2.7797800e+00
  2.5825910e+00
  2.7438305e+00
  2.6834676e+00
  2.6261422e+00
  2.6739134e+00
  2.5903828e+00
  2.7071726e+00
  2.6710326e+00
  2.5089442e+00
  2.6807724e+00
  2.7766679e+00
  2.5610221e+00
  2.5436095e+00
  2.6535997e+00
  2.7302111e+00
  2.6497805e+00
  2.6319866e+00
  2.6712526e+00
  2.6373743e+00
  2.7113176e+00
  2.6446526e+00
  2.6405275e+00
  2.5396666e+00
  2.6572908e+00
  2.5999046e+00
  2.5649348e+00
  2.7449183e+00
  2.7328422e+00
  2.6699228e+00
  2.6309626e+00
  2.6674841e+00
  2.6029588e+00
  2.6021540e+00
  2.6892089e+00
  2.6604741e+00
  2.6324281e+00
  2.6953658e+00
  2.6690966e+00
  2.6426706e+00
  2.6812627e+00
  2.6483531e+00
  2.6288061e+00
  2.6236558e+00
  2.6157070e+00
  2.6305525e+00
  2.6339566e+00
  2.6636755e+00
  2.6915510e+00
  2.6795616e+00
  2.7251714e+00
  2.5659726e+00
  2.6474770e+00
  2.5856237e+00
  2.7094890e+00
  2.6996790e+00
  2.6817939e+00
  2.7217151e+00
  2.5797430e+00
  2.6085307e+00
  2.7534961e+00
  2.6549609e+00
  2.6525585e+00
  2.7194248e+00
  2.6333285e+00
  2.6060642e+00
  2.6780573e+00
  2.5402606e+00
  2.5665647e+00
  2.5769907e+00
  2.6200818e+00
  2.7463721e+00
  2.7765641e+00
  2.6836973e+00
  2.4995316e+00
  2.5394147e+00
  2.6572582e+00
  2.6565190e+00
  2.7237161e+00
  2.6118223e+00
  2.5604655e+00
  2.6148455e+00
  2.6324758e+00
  2.6100053e+00
  2.5685896e+00
  2.8366307e+00
  2.6365704e+00
  2.7926525e+00
  2.5694448e+00
  2.7193955e+00
  2.6874794e+00
  2.6425265e+00
  2.6807889e+00
  2.7186061e+00
  2.6129654e+00
  2.7096774e+00
  2.6265341e+00
  2.5659820e+00
  2.6411150e+00
  2.7098705e+00
  2.6691686e+00
  2.5820957e+00
  2.6437893e+00
  2.6748795e+00
  2.5816187e+00
  2.6523724e+00
  2.6256722e+00
  2.6256509e+00
  2.6339085e+00
  2.5034250e+00
  2.6869740e+00
  2.7355741e+00
  2.7435314e+00
  2.7045130e+00
  2.7188025e+00
  2.6196310e+00
  2.6658056e+00
  2.6326328e+00
  2.7391162e+00
  2.7308024e+00
  2.5391507e+00
  2.6074739e+00
  2.6107084e+00
  2.6854447e+00
  2.7059366e+00
  2.6905269e+00
  2.6279638e+00
  2.5979811e+00
  2.6217391e+00
  2.6430003e+00
  2.6650184e+00
  2.6832777e+00
  2.7755791e+00
  2.6786896e+00
  2.6870621e+00
  2.6841557e+00
  2.6212739e+00
  2.6187906e+00
  2.6001618e+00
  2.6805820e+00
  2.7369017e+00
  2.6604325e+00
  2.6503702e+00
  2.6614799e+00
  2.6534168e+00
  2.7081201e+00
  2.6854954e+00
  2.6403307e+00
  2.7078976e+00
  2.7253270e+00
  2.7933640e+00
  2.6751068e+00
  2.5979899e+00
  2.6469477e+00
  2.7005648e+00
  2.6641985e+00
  2.6297473e+00
  2.6264352e+00
  2.6323228e+00
  2.5502348e+00
  2.6800699e+00
  2.7380015e+00
  2.5681198e+00
  2.7213674e+00
  2.7688787e+00
  2.7771887e+00
  2.5401604e+00
  2.6347124e+00
  2.6241768e+00
  2.5987725e+00
  2.5573178e+00
  2.7160891e+00
  2.6179590e+00
  2.6589470e+00
  2.5858934e+00
  2.7234445e+00
  2.7343464e+00
  2.7131859e+00
  2.6699274e+00
  2.6600625e+00
  2.7045094e+00
  2.6469139e+00
  2.6715415e+00
  2.6589385e+00
  2.4975583e+00
  2.6218320e+00
  2.6284994e+00
  2.7285290e+00
  2.5354302e+00
  2.8231322e+00
  2.8272614e+00
  2.4817718e+00
  2.5644147e+00
  2.6410561e+00
  2.7377772e+00
  2.7016606e+00
  2.6888038e+00
  2.5596507e+00
  2.6148595e+00
  2.6852816e+00
  2.6395380e+00
  2.6160043e+00
  2.7907826e+00
  2.6537802e+00
  2.6218972e+00
  2.6107681e+00
  2.5660071e+00
  2.5865498e+00
  2.6329285e+00
  2.7200120e+00
  2.7342595e+00
  2.6025262e+00
  2.6452975e+00
  2.5896612e+00
  2.6917832e+00
  2.5725403e+00
  2.5313018e+00
  2.6739122e+00
  2.6708488e+00
  2.5611713e+00
  2.5866814e+00
  2.6535579e+00
  2.6814565e+00
  2.6408783e+00
  2.6735436e+00
  2.7190183e+00
  2.6586062e+00
  2.6470459e+00
  2.6784799e+00
  2.6079564e+00
  2.5097994e+00
  2.5853062e+00
  2.7003454e+00
  2.6994109e+00
  2.7494396e+00
  2.6609753e+00
  2.6478237e+00
  2.6298482e+00
  2.5736823e+00
  2.6949427e+00
  2.6668030e+00
  2.6556134e+00
  2.6576844e+00
  2.6923012e+00
  2.6566726e+00
  2.6742563e+00
  2.5786425e+00
  2.6588058e+00
  2.7566837e+00
  2.6552135e+00
  2.6817193e+00
  2.7272883e+00
  2.7221814e+00
  2.6588594e+00
  2.8059922e+00
  2.7061973e+00
  2.6331673e+00
  2.6823193e+00
  2.5909725e+00
  2.6248340e+00
  2.6676868e+00
  2.7584562e+00
  2.5114582e+00
  2.6022705e+00
  2.4389237e+00
  2.7712690e+00
  2.5799937e+00
  2.6719179e+00
  2.6559519e+00
  2.7483595e+00
  2.5923413e+00
  2.6367414e+00
  2.6645693e+00
  2.6543556e+00
  2.7100750e+00
  2.6143581e+00
  2.5474960e+00
  2.6637589e+00
  2.7483068e+00
  2.6896384e+00
  2.6528247e+00
  2.6442762e+00
  2.6220437e+00
  2.6852123e+00
  2.6365138e+00
  2.6600857e+00
  2.6233690e+00
  2.6330431e+00
  2.6856041e+00
  2.6816346e+00
  2.6814980e+00
  2.6382725e+00
  2.6697078e+00
  2.6987107e+00
  2.7688020e+00
  2.7357824e+00
  2.6084401e+00
  2.5757502e+00
  2.4561522e+00
  2.6018795e+00
  2.6439680e+00
  2.6192159e+00
  2.6674099e+00
  2.6263874e+00
  2.5607914e+00
  2.6251901e+00
  2.6284923e+00
  2.6652173e+00
  2.6470653e+00
  2.5636922e+00
  2.5999958e+00
  2.6832261e+00
  2.6949620e+00
  2.7689707e+00
  2.6517383e+00
  2.7050474e+00
  2.6960676e+00
  2.6144710e+00
  2.5874624e+00
  2.6970745e+00
  2.8352537e+00
  2.5087775e+00
  2.8346890e+00
  2.6976610e+00
  2.6471619e+00
  2.5783947e+00
  2.5780999e+00
  2.7431711e+00
  2.5759505e+00
  2.6584180e+00
  2.6031209e+00
  2.6406792e+00
  2.7284228e+00
  2.6592370e+00
  2.7427291e+00
  2.6767237e+00
  2.7060284e+00
  2.5892810e+00
  2.6631009e+00
  2.5866063e+00
  2.6126700e+00
  2.6523327e+00
  2.6076050e+00
  2.5216213e+00
  2.6587717e+00
  2.6462747e+00
  2.7090961e+00
  2.6380575e+00
  2.6389300e+00
  2.6429257e+00
  2.5666843e+00
  2.6494834e+00
  2.6886118e+00
  2.7028003e+00
  2.7093068e+00
  2.7060802e+00
  2.7515447e+00
  2.6528321e+00
  2.6129179e+00
  2.5365438e+00
  2.7100420e+00
  2.5961772e+00
  2.6476125e+00
  2.4944713e+00
  2.5774142e+00
  2.6389650e+00
  2.6955515e+00
  2.5291201e+00
  2.6104592e+00
  2.7240211e+00
  2.6826982e+00
  2.6649389e+00
  2.6888196e+00
  2.6265851e+00
  2.6910482e+00
  2.6626607e+00
  2.6192861e+00
  2.6439688e+00
  2.6141973e+00
  2.6953928e+00
  2.7213278e+00
  2.7970901e+00
  2.5083006e+00
  2.6576972e+00
  2.6960590e+00
  2.6555913e+00
  2.6573620e+00
  2.6257634e+00
  2.6077511e+00
  2.6763393e+00
  2.6513267e+00
  2.7493866e+00
  2.6018249e+00
  2.6218295e+00
  2.6745258e+00
  2.6465993e+00
  2.6308391e+00
  2.6940405e+00
  2.5890413e+00
  2.7136372e+00
  2.6302255e+00
  2.4837960e+00
  2.5716733e+00
  2.7132398e+00
  2.6948039e+00
  2.6789461e+00
  2.5667517e+00
  2.5826936e+00
  2.6364227e+00
  2.6586250e+00
  2.6308565e+00
  2.6264971e+00
  2.7323887e+00
  2.5511794e+00
  2.5694196e+00
  2.6825598e+00
  2.7150720e+00
  2.6396366e+00
  2.6179516e+00
  2.6190876e+00
  2.6096257e+00
  2.7721686e+00
  2.6677643e+00
  2.6724162e+00
  2.6507462e+00
  2.6101570e+00
  2.6466958e+00
  2.6398482e+00
  2.5834102e+00
  2.7032110e+00
  2.6638009e+00
  2.6336033e+00
  2.5345147e+00
  2.7282487e+00
  2.6030345e+00
  2.6806994e+00
  2.6985111e+00
  2.6643231e+00
  2.6814015e+00
  2.5928753e+00
  2.6273248e+00
  2.6363330e+00
  2.7351476e+00
  2.5994425e+00
  2.7322532e+00
  2.6457355e+00
  2.6463680e+00
  2.7923333e+00
  2.6370240e+00
  2.7533435e+00
  2.6839253e+00
  2.6835212e+00
  2.6430637e+00
  2.5674766e+00
  2.6705683e+00
  2.6772240e+00
  2.7637971e+00
  2.6609625e+00
  2.6800089e+00
  2.5460394e+00
  2.6154641e+00
  2.7610709e+00
  2.6530714e+00
  2.6908381e+00
  2.6766874e+00
  2.6049422e+00
  2.6348516e+00
  2.6404016e+00
  2.6312491e+00
  2.6044423e+00
  2.6563698e+00
  2.6068180e+00
  2.7094727e+00
  2.6277955e+00
  2.7027909e+00
  2.6146224e+00
  2.6543837e+00
  2.6643824e+00
  2.6534441e+00
  2.5578430e+00
  2.5185698e+00
  2.6294976e+00
  2.5738122e+00
  2.6045045e+00
  2.6005561e+00
  2.6267936e+00
  2.5529537e+00
  2.7013265e+00
  2.6908256e+00
  2.7800373e+00
  2.7143380e+00
  2.6459479e+00
  2.5705269e+00
  2.6268943e+00
  2.7020571e+00
  2.7769594e+00
  2.6681402e+00
  2.6220652e+00
  2.5889762e+00
  2.6224842e+00
  2.6954894e+00
  2.5412293e+00
  2.6532871e+00
  2.7506402e+00
  2.6349446e+00
  2.6854514e+00
  2.6524676e+00
  2.6108849e+00
  2.5511597e+00
  2.5724375e+00
  2.5868835e+00
  2.6463136e+00
  2.6322993e+00
  2.7026143e+00
  2.6386195e+00
  2.5377648e+00
  2.6129990e+00
  2.5674697e+00
  2.6809860e+00
  2.5709519e+00
  2.6577478e+00
  2.6354967e+00
  2.5801869e+00
  2.7278890e+00
  2.6663525e+00
  2.6115390e+00
  2.6167354e+00
  2.5679503e+00
  2.6534140e+00
  2.7075525e+00
  2.6834346e+00
  2.6859705e+00
  2.5496483e+00
  2.6577636e+00
  2.6865837e+00
  2.6081848e+00
  2.6066827e+00
  2.5764255e+00
  2.6447952e+00
  2.6426102e+00
  2.7264820e+00
  2.6024404e+00
  2.6221789e+00
  2.7307102e+00
  2.5577370e+00
  2.6738480e+00
  2.5750410e+00
  2.6926162e+00
  2.5820725e+00
  2.6154696e+00
  2.5961435e+00
  2.6295985e+00
  2.5836822e+00
  2.5286409e+00
  2.7092456e+00
  2.6184555e+00
  2.5826946e+00
  2.5610714e+00
  2.6886820e+00
  2.6308669e+00
  2.6476189e+00
  2.6322765e+00
  2.6089862e+00
  2.5603264e+00
  2.6434846e+00
  2.6379771e+00
  2.7197032e+00
  2.5978600e+00
  2.7171621e+00
  2.7008853e+00
  2.7530977e+00
  2.7250929e+00
  2.7413038e+00
  2.6197666e+00
  2.7398291e+00
  2.6408640e+00
  2.5877506e+00
  2.7686281e+00
  2.6763416e+00
  2.6540664e+00
  2.6954656e+00
  2.6184162e+00
  2.7044978e+00
  2.5924118e+00
  2.5965307e+00
  2.5745900e+00
  2.6102005e+00
  2.5935221e+00
  2.5747685e+00
  2.6865966e+00
  2.7626803e+00
  2.6716057e+00
  2.5466557e+00
  2.5051178e+00
  2.5403951e+00
  2.7460253e+00
  2.6748345e+00
  2.6411959e+00
  2.6295491e+00
  2.7291553e+00
  2.6197067e+00
  2.7575567e+00
  2.6325004e+00
  2.5726664e+00
  2.6454966e+00
  2.6442026e+00
  2.6821453e+00
  2.5610881e+00
  2.6247594e+00
  2.7018601e+00
  2.7134597e+00
  2.6355823e+00
  2.5394715e+00
  2.7735796e+00
  2.5665865e+00
  2.5823528e+00
  2.7027351e+00
  2.6470010e+00
  2.6582757e+00
  2.7163778e+00
  2.7003752e+00
  2.7019839e+00
  2.8132641e+00
  2.6516689e+00
  2.6452595e+00
  2.6360772e+00
  2.6456795e+00
  2.7434342e+00
  2.6543565e+00
  2.6892387e+00
  2.6669533e+00
  2.6198333e+00
  2.6196408e+00
  2.6846111e+00
  2.6384905e+00
  2.6752350e+00
  2.6751986e+00
  2.6111323e+00
  2.5731666e+00
  2.6699456e+00
  2.6636739e+00
  2.7514954e+00
  2.6637515e+00
  2.6173586e+00
  2.5114667e+00
  2.6405291e+00
  2.6555095e+00
  2.5907324e+00
  2.7220290e+00
  2.7003668e+00
  2.6850717e+00
  2.6321075e+00
  2.6676060e+00
  2.6817312e+00
  2.7091103e+00
  2.6988257e+00
  2.7774082e+00
  2.7237524e+00
  2.6759689e+00
  2.6129192e+00
  2.6755334e+00
  2.6174821e+00
  2.7228216e+00
  2.6082474e+00
  2.7175024e+00
  2.7313404e+00
  2.6597005e+00
  2.6985584e+00
  2.5248830e+00
  2.7802534e+00
  2.5724130e+00
  2.5548849e+00
  2.5515563e+00
  2.6794935e+00
  2.7066060e+00
  2.6170474e+00
  2.6567625e+00
  2.5890093e+00
  2.6682797e+00
  2.7488284e+00
  2.5887740e+00
  2.7597572e+00
  2.6535876e+00
  2.5647144e+00
  2.6513135e+00
  2.7385430e+00
  2.6113489e+00
  2.6877444e+00
  2.6107195e+00
  2.6570825e+00
  2.6179507e+00
  2.6440411e+00
  2.6857401e+00
  2.6548720e+00
  2.6179961e+00
  2.6760516e+00
  2.6239754e+00
  2.5665223e+00
  2.7035530e+00
  2.7464097e+00
  2.7411714e+00
  2.6255739e+00
  2.6206441e+00
  2.6224027e+00
  2.6985152e+00
  2.5620363e+00
  2.6540367e+00
  2.6497164e+00
  2.6850222e+00
  2.6230936e+00
  2.5547095e+00
  2.5984140e+00
  2.5769757e+00
  2.5965465e+00
  2.6692097e+00
  2.6584290e+00
  2.7013330e+00
  2.6312486e+00
  2.7304933e+00
  2.5347726e+00
  2.6964318e+00
  2.7060939e+00
  2.6268888e+00
  2.6788790e+00
  2.6920818e+00
  2.7599569e+00
  2.6834689e+00
  2.5751333e+00
  2.6116224e+00
  2.5605942e+00
  2.6660889e+00
  2.6181863e+00
  2.6924726e+00
  2.7333523e+00
  2.5039290e+00
  2.7221015e+00
  2.6958120e+00
  2.7151990e+00
  2.6738845e+00
  2.6525900e+00
  2.5091758e+00
  2.6587899e+00
  2.6706797e+00
  2.6464884e+00
  2.6097272e+00
  2.6412449e+00
  2.6639059e+00
  2.6190138e+00
  2.6700144e+00
  2.6109163e+00
  2.6951300e+00
  2.6263114e+00
  2.7503222e+00
  2.6099206e+00
  2.5896319e+00
  2.7400958e+00
  2.5793361e+00
  2.6065185e+00
  2.6140811e+00
  2.6632231e+00
  2.6639804e+00
  2.6466497e+00
  2.6028713e+00
  2.5679885e+00
  2.6550585e+00
  2.6834439e+00
  2.7443070e+00
  2.6193618e+00
  2.6920088e+00
  2.7379974e+00
  2.6859293e+00
  2.5780241e+00
  2.6437967e+00
  2.6399368e+00
  2.5113133e+00
  2.6937451e+00
  2.7062087e+00
  2.6329542e+00
  2.7573967e+00
  2.6518631e+00
  2.6937263e+00
  2.6661371e+00
  2.6218498e+00
  2.6598005e+00
  2.7264502e+00
  2.6121197e+00
  2.6686791e+00
  2.6635183e+00
  2.6643449e+00
  2.6869179e+00
  2.6735217e+00
  2.6180382e+00
  2.6154841e+00
  2.4730058e+00
  2.5432050e+00
  2.6281033e+00
  2.7134756e+00
  2.6819772e+00
  2.7477140e+00
  2.6969117e+00
  2.6833366e+00
  2.5561764e+00
  2.6098176e+00
  2.6630507e+00
  2.5863921e+00
  2.6233476e+00
  2.6705371e+00
  2.6978557e+00
  2.6983862e+00
  2.7598478e+00
  2.7932537e+00
  2.5375640e+00
  2.7000896e+00
  2.6144630e+00
  2.6221127e+00
  2.7593578e+00
  2.4857869e+00
  2.5485100e+00
  2.6981899e+00
  2.6185246e+00
  2.7237373e+00
  2.7472771e+00
  2.5750773e+00
  2.6785717e+00
  2.6967048e+00
  2.7341806e+00
  2.6392935e+00
  2.6069544e+00
  2.6553804e+00
  2.6492522e+00
  2.5799919e+00
  2.6067667e+00
  2.5873761e+00
  2.7181021e+00
  2.5955196e+00
  2.6103587e+00
  2.6069747e+00
  2.6346805e+00
  2.8304842e+00
  2.7233063e+00
  2.6460371e+00
  2.7054912e+00
  2.6433826e+00
  2.5858271e+00
  2.6436388e+00
  2.5558194e+00
  2.6274632e+00
  2.6885269e+00
  2.6171750e+00
  2.5458201e+00
  2.6319021e+00
  2.6799612e+00
  2.6043917e+00
  2.5862560e+00
  2.7200047e+00
  2.7445040e+00
  2.7791306e+00
  2.5587695e+00
  2.7057737e+00
  2.7036581e+00
  2.7776789e+00
  2.5988538e+00
  2.6350055e+00
  2.5014935e+00
  2.5884966e+00
  2.6156442e+00
  2.6363778e+00
  2.6980379e+00
  2.6107865e+00
  2.6282008e+00
  2.6025352e+00
  2.5481348e+00
  2.6815609e+00
  2.7076785e+00
  2.6050618e+00
  2.6019876e+00
  2.7354246e+00
  2.6962178e+00
  2.5465941e+00
  2.7149312e+00
  2.7400286e+00
  2.5846927e+00
  2.6900303e+00
  2.6953297e+00
  2.6121718e+00
  2.6752650e+00
  2.6918428e+00
  2.6522652e+00
  2.6103224e+00
  2.5270995e+00
  2.6045478e+00
  2.6590211e+00
  2.6539325e+00
  2.7610769e+00
  2.5258213e+00
  2.7117401e+00
  2.5415977e+00
  2.6402042e+00
  2.7616899e+00
  2.6652292e+00
  2.6907590e+00
  2.6929343e+00
  2.6443721e+00
  2.8598808e+00
  2.8192705e+00
  2.7284082e+00
  2.5996872e+00
  2.6544331e+00
  2.7551892e+00
  2.6352737e+00
  2.6751984e+00
  2.6354593e+00
  2.6978494e+00
  2.5863512e+00
  2.6360760e+00
  2.6075901e+00
  2.6181027e+00
  2.6165976e+00
  2.6954806e+00
  2.6342776e+00
  2.6369290e+00
  2.7634898e+00
  2.6567081e+00
  2.7182380e+00
  2.7270211e+00
  2.6963936e+00
  2.7455292e+00
  2.6445148e+00
  2.7949521e+00
  2.5243916e+00
  2.6900642e+00
  2.6518127e+00
  2.6728532e+00
  2.7105472e+00
  2.5872414e+00
  2.6886262e+00
  2.6609916e+00
  2.6884145e+00
  2.7460317e+00
  2.6648812e+00
  2.6252336e+00
  2.6119250e+00
  2.6635165e+00
  2.5348359e+00
  2.5965915e+00
  2.6438229e+00
  2.7524335e+00
  2.7697253e+00
  2.6980115e+00
  2.6067345e+00
  2.6956682e+00
  2.6991220e+00
  2.6611039e+00
  2.6883629e+00
  2.5351416e+00
  2.6407269e+00
  2.5876822e+00
  2.6930986e+00
  2.6381753e+00
  2.5810782e+00
  2.6964229e+00
  2.6302817e+00
  2.6702938e+00
  2.6776261e+00
  2.6769031e+00
  2.7046373e+00
  2.7646397e+00
  2.6306174e+00
  2.5961226e+00
  2.5785130e+00
  2.6251720e+00
  2.7173625e+00
  2.6636237e+00
  2.8012980e+00
  2.6317305e+00
  2.7055162e+00
  2.5319531e+00
  2.8148684e+00
  2.7127821e+00
