  3.1254601e+00
  3.1302628e+00
  3.0320063e+00
  3.0875571e+00
  3.1305096e+00
  3.0900818e+00
  3.1359776e+00
  3.0914060e+00
  3.0276010e+00
  3.0544591e+00
  3.0580698e+00
  3.1272278e+00
  3.0163164e+00
  3.0495233e+00
  2.9814585e+00
  3.1179586e+00
  3.0417193e+00
  3.1311220e+00
  3.0911592e+00
  3.0878598e+00
  3.1147071e+00
  2.9803275e+00
  2.9576995e+00
  3.0282747e+00
  3.0747011e+00
  3.0287295e+00
  2.9807840e+00
  3.0178974e+00
  3.0395567e+00
  3.0427120e+00
  3.0251492e+00
  3.0448320e+00
  3.0185985e+00
  3.0397422e+00
  3.0901155e+00
  3.0626467e+00
  3.1246961e+00
  3.1438787e+00
  3.1342873e+00
  3.1087054e+00
  3.0691048e+00
  3.0871169e+00
  3.0687602e+00
  3.1274363e+00
  3.0506331e+00
  3.0044206e+00
  3.0321891e+00
  3.0695381e+00
  2.9861111e+00
  2.9987510e+00
  3.0235875e+00
  3.0242220e+00
  2.9697169e+00
  3.0279428e+00
  3.0671624e+00
  3.0772136e+00
  3.0266873e+00
  3.0648344e+00
  3.1320622e+00
  3.0627559e+00
  3.0565662e+00
  3.1080632e+00
  3.0915074e+00
  3.0799287e+00
  3.0115699e+00
  3.0333514e+00
  3.0047796e+00
  3.0477285e+00
  3.1095848e+00
  3.0279860e+00
  3.1085761e+00
  3.0152419e+00
  3.0267368e+00
  3.0847389e+00
  3.0442719e+00
  2.9852275e+00
  2.9457152e+00
  3.0978051e+00
  3.0727744e+00
  2.9942475e+00
  3.0159834e+00
  3.0199018e+00
  3.0706172e+00
  3.0914795e+00
  2.9989455e+00
  3.0519290e+00
  3.0901118e+00
  3.0818859e+00
  3.0593512e+00
  3.0147547e+00
  3.0008705e+00
  3.0177348e+00
  3.0699126e+00
  3.0119729e+00
  3.0886773e+00
  2.9598503e+00
  3.0716975e+00
  3.0967791e+00
  2.9664548e+00
  3.0497506e+00
  2.9926606e+00
  3.0530672e+00
  3.0119558e+00
  3.0824963e+00
  3.0208277e+00
  3.0350137e+00
  3.0765669e+00
  2.9557573e+00
  3.0356023e+00
  3.0582072e+00
  3.0561932e+00
  3.0377206e+00
  3.1177971e+00
  3.1033046e+00
  3.0734567e+00
  3.0581663e+00
  3.0414338e+00
  3.0635795e+00
  3.0885443e+00
  3.0759301e+00
  3.1012685e+00
  3.0510214e+00
  3.0779258e+00
  3.0956694e+00
  3.0699705e+00
  3.0863756e+00
  3.0964428e+00
  3.0629066e+00
  3.0196343e+00
  3.1573887e+00
  3.0956026e+00
  3.0539439e+00
  3.0049452e+00
  2.9569226e+00
  3.0701587e+00
  3.0562784e+00
  3.0853724e+00
  3.0789370e+00
  3.0461715e+00
  3.0708574e+00
  2.9676313e+00
  3.0239170e+00
  3.1103477e+00
  3.0768267e+00
  3.0689301e+00
  3.1240355e+00
  3.1041391e+00
  3.1262407e+00
  3.1171330e+00
  3.0501160e+00
  3.0777337e+00
  3.1822396e+00
  3.0436501e+00
  3.0708008e+00
  3.0835519e+00
  3.0284013e+00
  3.0697327e+00
  3.0783017e+00
  3.1068223e+00
  3.0834687e+00
  3.0144673e+00
  3.0128432e+00
  3.0229303e+00
  3.0603931e+00
  2.9981449e+00
  2.9887891e+00
  3.0642472e+00
  3.0878701e+00
  3.0577374e+00
  3.0970539e+00
  3.0938062e+00
  3.0941102e+00
  3.0077792e+00
  2.9358388e+00
  3.0776653e+00
  3.0672904e+00
  3.0980975e+00
  3.1022901e+00
  3.0085343e+00
  3.0868984e+00
  3.1304901e+00
  3.0536830e+00
  3.0297138e+00
  3.0780349e+00
  3.0257855e+00
  3.0752227e+00
  3.0464051e+00
  3.1009605e+00
  3.0667052e+00
  3.0437893e+00
  2.9925146e+00
  3.0537137e+00
  3.0030907e+00
  3.0916870e+00
  3.0973190e+00
  3.0215750e+00
  3.0799247e+00
  3.1268784e+00
  3.0118480e+00
  3.0168890e+00
  3.0590705e+00
  3.0520133e+00
  3.1233658e+00
  3.0732152e+00
  3.0238694e+00
  3.0425759e+00
  3.0641306e+00
  3.0564808e+00
  3.0496927e+00
  3.0447401e+00
  3.0958146e+00
  3.1042230e+00
  3.1279644e+00
  3.1097629e+00
  3.1266083e+00
  3.1252084e+00
  3.0131225e+00
  3.1289873e+00
  3.0638979e+00
  3.0253878e+00
  2.9283394e+00
  3.0825894e+00
  3.1255088e+00
  3.0922543e+00
  3.0831794e+00
  3.1406699e+00
  3.0956846e+00
  3.0799358e+00
  3.0919987e+00
  3.0654454e+00
  3.0138464e+00
  2.9981082e+00
  3.0707554e+00
  3.0640950e+00
  3.0178721e+00
  3.0341211e+00
  3.0602982e+00
  3.1354006e+00
  3.0692975e+00
  3.1120366e+00
  3.0762030e+00
  3.0376575e+00
  3.0496963e+00
  3.0520851e+00
  2.9834783e+00
  2.9833309e+00
  3.0391001e+00
  2.9909648e+00
  2.9846074e+00
  3.0156655e+00
  3.0116825e+00
  2.9737962e+00
  2.9900815e+00
  3.0328715e+00
  3.1169298e+00
  3.0539836e+00
  3.1043869e+00
  2.9969523e+00
  3.0333169e+00
  3.0428215e+00
  2.9846169e+00
  3.0356273e+00
  2.9724388e+00
  2.9692815e+00
  2.9721198e+00
  2.9363579e+00
  2.9219397e+00
  2.9067548e+00
  3.0031798e+00
  3.0368284e+00
  3.0773318e+00
  3.0394752e+00
  3.0707308e+00
  3.0454664e+00
  3.0460478e+00
  2.9938513e+00
  3.0515746e+00
  3.0305268e+00
  3.0781622e+00
  3.0223824e+00
  3.1251317e+00
  3.0259114e+00
  3.1167879e+00
  3.1189872e+00
  3.0646256e+00
  3.1383311e+00
  3.1008217e+00
  3.0959069e+00
  3.0896049e+00
  3.0433536e+00
  3.0384869e+00
  3.0332815e+00
  3.0359335e+00
  2.9655153e+00
  2.9547652e+00
  3.0070923e+00
  3.0240572e+00
  3.0567181e+00
  3.0048612e+00
  2.9638085e+00
  3.0019724e+00
  2.9534071e+00
  3.0528894e+00
  3.0539261e+00
  3.1121791e+00
  3.0307974e+00
  2.9137675e+00
  3.0581583e+00
  3.0580739e+00
  3.0411285e+00
  3.0669125e+00
  3.0504812e+00
  3.0581173e+00
  3.0563995e+00
  3.1573834e+00
  3.0679360e+00
  3.0782528e+00
  2.9772327e+00
  3.0067469e+00
  3.0982439e+00
  2.9752985e+00
  3.0102880e+00
  3.0744159e+00
  3.2277189e+00
  3.0707329e+00
  3.0927686e+00
  3.0908743e+00
  3.0404238e+00
  3.0048491e+00
  3.0602940e+00
  3.0483708e+00
  3.0764971e+00
  2.9958553e+00
  3.0137805e+00
  3.0587364e+00
  2.9497139e+00
  3.0111675e+00
  2.9997653e+00
  3.0208672e+00
  3.0880903e+00
  3.0822786e+00
  2.9985388e+00
  3.0354003e+00
  3.0375137e+00
  2.9906004e+00
  3.0599132e+00
  3.0659103e+00
  3.0826995e+00
  3.1016569e+00
  3.0806981e+00
  3.0252348e+00
  3.0289284e+00
  3.0907358e+00
  3.0449752e+00
  3.0384213e+00
  3.0974987e+00
  3.0235385e+00
  3.0695019e+00
  3.0681037e+00
  3.0871921e+00
  3.0958613e+00
  3.1171108e+00
  3.0612284e+00
  3.0986650e+00
  3.1022495e+00
  3.0972018e+00
  3.0614717e+00
  3.0146824e+00
  3.0971838e+00
  3.0335834e+00
  3.0889305e+00
  3.0610058e+00
  3.0315835e+00
  3.1147625e+00
  3.0317891e+00
  3.0761568e+00
  3.0444076e+00
  3.1292473e+00
  3.0896428e+00
  3.0831477e+00
  3.0510270e+00
  3.0761600e+00
  3.0685724e+00
  2.9887874e+00
  3.0042704e+00
  2.9704219e+00
  3.0229487e+00
  3.0417228e+00
  2.9957137e+00
  3.0414683e+00
  3.1584532e+00
  3.0488659e+00
  3.0116683e+00
  2.9998422e+00
  2.9518085e+00
  2.9026650e+00
  3.0067880e+00
  3.0127054e+00
  2.9937475e+00
  3.0109659e+00
  2.9391947e+00
  3.0027072e+00
  3.0242136e+00
  3.0301709e+00
  3.0960960e+00
  2.9882913e+00
  3.0656977e+00
  3.1050334e+00
  3.0703157e+00
  3.1384065e+00
  3.0990863e+00
  3.1098917e+00
  2.9985087e+00
  3.1075031e+00
  3.0824687e+00
  2.9552230e+00
  2.9897946e+00
  3.0638626e+00
  3.0782878e+00
  3.1290089e+00
  3.0697944e+00
  3.0930580e+00
  3.0923287e+00
  3.1075329e+00
  2.9952365e+00
  2.9990296e+00
  3.0340366e+00
  3.0841145e+00
  3.0387117e+00
  2.9965178e+00
  2.9941119e+00
  3.0409519e+00
  3.0757512e+00
  3.0321449e+00
  3.0480133e+00
  3.0397171e+00
  3.0867085e+00
  3.0887897e+00
  3.1353273e+00
  3.1175330e+00
  3.1280515e+00
  3.0406073e+00
  3.0699387e+00
  2.9919662e+00
  3.0167240e+00
  3.0135357e+00
  2.9865943e+00
  3.0344983e+00
  3.0019346e+00
  2.9479995e+00
  3.0443188e+00
  3.0632027e+00
  3.0264180e+00
  3.0139571e+00
  3.0004735e+00
  2.9374044e+00
  2.9541123e+00
  2.9037896e+00
  2.9538216e+00
  2.9272597e+00
  2.9906836e+00
  3.0115556e+00
  3.0709727e+00
  3.0834523e+00
  3.1337765e+00
  3.0356819e+00
  2.9960642e+00
  3.0532771e+00
  2.9807141e+00
  3.0237076e+00
  3.0421572e+00
  3.0344379e+00
  3.0012408e+00
  3.0857311e+00
  3.0568348e+00
  3.0286143e+00
  3.0340196e+00
  3.1151487e+00
  3.0754157e+00
  3.0380668e+00
  3.0036038e+00
  2.9316011e+00
  2.9862276e+00
  3.0303062e+00
  3.0260148e+00
  3.0432839e+00
  2.9552694e+00
  3.0171785e+00
  2.9426670e+00
  3.0133158e+00
  3.0245586e+00
  3.0216257e+00
  3.0540693e+00
  3.0487290e+00
  3.0188141e+00
  3.0825236e+00
  3.0136292e+00
  3.0944201e+00
  3.0703847e+00
  3.1090795e+00
  3.0936444e+00
  3.0433426e+00
  2.9969465e+00
  3.1554197e+00
  3.0935510e+00
  3.0374386e+00
  3.1117273e+00
  3.0869395e+00
  3.0689965e+00
  3.0529004e+00
  3.0459872e+00
  3.0146184e+00
  2.9948525e+00
  3.1041175e+00
  3.0990507e+00
  3.0732229e+00
  3.0510497e+00
  3.0228795e+00
  3.0670552e+00
  3.0653281e+00
  3.0208067e+00
  3.0104584e+00
  3.0174133e+00
  3.0229081e+00
  2.9883705e+00
  3.0706792e+00
  3.0444720e+00
  3.0392286e+00
  3.0524590e+00
  3.0891681e+00
  3.0443310e+00
  3.0306039e+00
  2.9942889e+00
  2.9873703e+00
  3.0629902e+00
  3.0912537e+00
  3.1408121e+00
  3.0173433e+00
  3.0474615e+00
  3.1510143e+00
  3.0874007e+00
  3.0801928e+00
  3.1480671e+00
  3.1137800e+00
  3.1170605e+00
  3.0241946e+00
  3.0593563e+00
  3.0921877e+00
  3.0766525e+00
  3.0287330e+00
  2.9699128e+00
  3.0225466e+00
  3.0680828e+00
  3.0342966e+00
  3.0213086e+00
  3.0171763e+00
  3.0408564e+00
  3.1032102e+00
  3.0132316e+00
  3.0212845e+00
  3.1450533e+00
  3.0713969e+00
  3.0342965e+00
  3.0258998e+00
  3.0003397e+00
  3.0854010e+00
  3.1654043e+00
  3.0459926e+00
  3.0869824e+00
  3.0378465e+00
  3.0493165e+00
  3.0488342e+00
  3.0874550e+00
  3.0051208e+00
  3.0191457e+00
  3.0483899e+00
  3.0431899e+00
  3.0847832e+00
  3.0435150e+00
  3.0655980e+00
  3.1322885e+00
  3.2063335e+00
  3.2311425e+00
  3.1653143e+00
  3.1089517e+00
  3.0455681e+00
  3.0431800e+00
  3.0113122e+00
  3.0058221e+00
  3.0254635e+00
  3.0565804e+00
  3.0250484e+00
  3.0183503e+00
  2.9985034e+00
  3.0675222e+00
  3.0851815e+00
  3.0336046e+00
  3.0686749e+00
  3.0433972e+00
  3.0153187e+00
  3.0416396e+00
  3.0589815e+00
  3.0779837e+00
  3.1948792e+00
  3.1273656e+00
  2.9961363e+00
  3.1323836e+00
  3.1091052e+00
  3.0008994e+00
  2.9969000e+00
  3.0502447e+00
  2.9399078e+00
  2.9939796e+00
  3.0644206e+00
  3.0211762e+00
  3.0501767e+00
  3.0730412e+00
  3.1154375e+00
  3.1010801e+00
  3.0983368e+00
  3.0733554e+00
  3.0750851e+00
  3.0830507e+00
  3.0857865e+00
  3.0258447e+00
  3.0127119e+00
  2.9536386e+00
  2.9386229e+00
  2.9588704e+00
  2.9611966e+00
  3.0200669e+00
  3.0663904e+00
  2.9981495e+00
  3.0781217e+00
  3.0029013e+00
  3.0176537e+00
  3.0708792e+00
  3.0285232e+00
  3.1036997e+00
  3.0858774e+00
  3.1115866e+00
  3.0755610e+00
  3.0559108e+00
  3.0185218e+00
  3.0623618e+00
  3.0811781e+00
  3.1038123e+00
  3.0024617e+00
  2.9905999e+00
  3.0408658e+00
  3.0716296e+00
  3.0766513e+00
  3.0936315e+00
  3.0406140e+00
  2.9979322e+00
  3.0001741e+00
  3.0217033e+00
  3.0616201e+00
  3.0651761e+00
  3.1025907e+00
  3.1220472e+00
  3.0695185e+00
  3.0909485e+00
  3.1046287e+00
  3.0374599e+00
  3.0789004e+00
  3.0841811e+00
  2.9835099e+00
  3.0569488e+00
  3.0407828e+00
  3.0106171e+00
  3.0588415e+00
  3.0459169e+00
  3.0638962e+00
  3.0648733e+00
  3.0433079e+00
  3.0738506e+00
  3.0517404e+00
  2.9914795e+00
  2.9645256e+00
  2.9425375e+00
  2.9550117e+00
  2.9229405e+00
  2.9796891e+00
  3.0631985e+00
  3.0536864e+00
  3.0930058e+00
  3.0203828e+00
  3.0926808e+00
  3.0440989e+00
  3.0483144e+00
  3.0666741e+00
  3.0541534e+00
  3.0757587e+00
  3.1634424e+00
  3.0800215e+00
  2.9924525e+00
  3.0440199e+00
  3.0946385e+00
  3.0803714e+00
  3.0060882e+00
  2.9515111e+00
  2.9977297e+00
  3.0130591e+00
  3.0818180e+00
  3.1362559e+00
  3.0575898e+00
  3.0382051e+00
  3.0343724e+00
  3.0671366e+00
  3.0884001e+00
  3.0693738e+00
  3.1088214e+00
  3.0820153e+00
  3.0571113e+00
  3.0262135e+00
  3.0476191e+00
  3.0118611e+00
  3.0023420e+00
  2.9995058e+00
  3.0028708e+00
  3.0355451e+00
  3.0590901e+00
  3.0422887e+00
  3.0814021e+00
  3.0247367e+00
  3.0685157e+00
  3.1297657e+00
  3.0511819e+00
  3.0468265e+00
  3.0032213e+00
  3.0799166e+00
  3.0118447e+00
  3.0693192e+00
  2.9780925e+00
  2.9335083e+00
  2.9796005e+00
  3.0867036e+00
  3.0175423e+00
  3.0389165e+00
  3.0738626e+00
  3.0330685e+00
  3.1528130e+00
  3.0570069e+00
  3.0790550e+00
  3.0696595e+00
  3.0723506e+00
  3.1003197e+00
  3.0840186e+00
  3.0377685e+00
  3.0953117e+00
  2.9893240e+00
  3.0024623e+00
  3.0770512e+00
  3.0634861e+00
  3.0940264e+00
  3.0510734e+00
  2.9776594e+00
  3.0404467e+00
  3.0606886e+00
  3.0676575e+00
  3.0796543e+00
  3.0625810e+00
  3.1297416e+00
  3.1403244e+00
  3.1444904e+00
  3.0771159e+00
  3.0800749e+00
  3.1352789e+00
  3.1004656e+00
  3.0970161e+00
  3.1045901e+00
  3.0634996e+00
  2.9919471e+00
  3.0639372e+00
  3.0505346e+00
  3.1410532e+00
  3.0238900e+00
  2.9754965e+00
  2.9688656e+00
  3.0474872e+00
  2.9509515e+00
  2.9472075e+00
  3.0965726e+00
  2.9967727e+00
  3.0282699e+00
  3.0986976e+00
  3.0934904e+00
  3.0575788e+00
  3.0100526e+00
  3.0033769e+00
  3.0285220e+00
  3.0368373e+00
  2.9500777e+00
  3.0217686e+00
  3.0802557e+00
  3.1075619e+00
  3.0556526e+00
  3.1322784e+00
  3.0436631e+00
  3.0489184e+00
  2.9905441e+00
  2.9300791e+00
  3.0507574e+00
  3.0474405e+00
  3.0106141e+00
  3.0560561e+00
  3.1414489e+00
  3.1396496e+00
  3.0664679e+00
  3.0925044e+00
  3.0863917e+00
  3.0600545e+00
  3.1259158e+00
  3.1159021e+00
  3.0885944e+00
  3.0822041e+00
  3.0804270e+00
  3.1195278e+00
  2.9815846e+00
  3.0104102e+00
  3.0332905e+00
  3.0558847e+00
  3.0738574e+00
  2.9790491e+00
  3.0961902e+00
  3.0019536e+00
  2.9716099e+00
  3.0368392e+00
  3.0852730e+00
  3.0908174e+00
  3.0654525e+00
  3.0699643e+00
  3.1222279e+00
  3.0913130e+00
  3.1343209e+00
  3.1005443e+00
  3.1541664e+00
  3.1068565e+00
  3.0202078e+00
  3.0002347e+00
  3.0904487e+00
  3.0331053e+00
  3.1038820e+00
  3.1079501e+00
  3.0693959e+00
  3.0566294e+00
  3.1431616e+00
  3.0822524e+00
  3.0238968e+00
  3.2015292e+00
  3.0642123e+00
  3.0728699e+00
  3.0522284e+00
  3.0509054e+00
  3.0569075e+00
  3.0494956e+00
  3.1169620e+00
  3.0113364e+00
  3.1308783e+00
  3.0189005e+00
  3.1682965e+00
  3.1177641e+00
  3.2300842e+00
  3.1005684e+00
  3.0743641e+00
  3.1472283e+00
  3.0246017e+00
  2.9265778e+00
  2.9597755e+00
  3.0213667e+00
  2.9560395e+00
  3.0173843e+00
  2.9924011e+00
  3.0066825e+00
  3.0058542e+00
  2.9851043e+00
  3.0192182e+00
  3.0725060e+00
  3.0425972e+00
  2.9932622e+00
  3.0579259e+00
  3.0553672e+00
  3.0924965e+00
  3.0004877e+00
  3.0463082e+00
  3.0305411e+00
  3.1203950e+00
  3.0413710e+00
  3.0371767e+00
  3.0669041e+00
  3.0172821e+00
  3.0599800e+00
  2.9653572e+00
  3.0010007e+00
  3.0223678e+00
  3.0463397e+00
  3.0281788e+00
  3.1051444e+00
  3.0712253e+00
  3.0140043e+00
  2.9795225e+00
  3.0320965e+00
  2.9567732e+00
  2.9086929e+00
  2.9392398e+00
  2.9946854e+00
  2.9756239e+00
  2.9028558e+00
  3.0534922e+00
  3.0407211e+00
  3.0385782e+00
  3.0356229e+00
  2.9920275e+00
  3.0277460e+00
  3.0589024e+00
  3.0166443e+00
  3.1241590e+00
  3.0490321e+00
  3.0880472e+00
  3.1012493e+00
  2.9890887e+00
  3.0477408e+00
  3.0824143e+00
  3.0304449e+00
  2.9967119e+00
  3.0028624e+00
  3.0215757e+00
  2.9919485e+00
  3.0901548e+00
  3.0276699e+00
  2.9017593e+00
  3.0459635e+00
  3.0304901e+00
  3.1088105e+00
  3.0578725e+00
  3.0567051e+00
  3.0396856e+00
  3.0809184e+00
  3.0334077e+00
  3.0787182e+00
  3.0944765e+00
  2.9948279e+00
  2.9617693e+00
  3.0505907e+00
  3.0216025e+00
  2.9362516e+00
  2.9313608e+00
  3.0433486e+00
  3.0119567e+00
  3.0819814e+00
  3.0327609e+00
  3.0740724e+00
  3.0580861e+00
  2.9948002e+00
  3.0110364e+00
  3.1129338e+00
  3.0565436e+00
  3.0582736e+00
  3.0527790e+00
  3.0863022e+00
  3.0715556e+00
  3.0711221e+00
  3.0802231e+00
  3.0788216e+00
  3.1309346e+00
  3.1345077e+00
  3.0689244e+00
  3.1562657e+00
  3.0988672e+00
  3.0827482e+00
  3.0730377e+00
  3.0887006e+00
  3.0719961e+00
  3.1251543e+00
  3.1434014e+00
  3.0478146e+00
  3.0656722e+00
  3.0821653e+00
  3.0281983e+00
  3.0641719e+00
  3.1074611e+00
  3.0955639e+00
  3.1178350e+00
  3.0707109e+00
  2.9592793e+00
  2.9740052e+00
  3.0019853e+00
  3.0293854e+00
  2.9843028e+00
  3.0542236e+00
  3.0491313e+00
  3.0055039e+00
  2.9669202e+00
  2.9845791e+00
  2.9523355e+00
  3.0150590e+00
  2.9939094e+00
  3.0328281e+00
  3.0905629e+00
  2.9610732e+00
